0,278
0,9
0,638
0,325
660,52
660,51
660,50
660,49
660,48
660,47
660,46
660,45
660,44
660,43
660,42
660,41
660,40
660,39
660,38
660,37
660,36
0,478
660,35
3,2
3,1
3,3
10,172
10,222
10,204
10,116
10,242
10,192
10,112
10,2
10,3
0,511
9,7
9,4
9,6
8,8
8,15
8,2
8,3
654,4
654,3
654,2
654,1
654,0
653,3
653,2
653,1
653,0
641,3
641,2
641,1
641,0
20,3
20,2
20,1
19,3
19,2
19,1
18,3
18,1
14,6
14,5
14,3
14,1
13,3
13,1
12,3
12,2
12,1
11,27
11,26
11,25
11,24
11,23
11,22
11,21
11,20
11,19
11,18
11,17
11,16
11,15
11,14
11,13
11,12
11,11
11,10
11,9
11,8
11,7
11,6
11,5
11,4
11,3
11,2
11,1
10,309
10,303
10,300
10,291
10,287
10,285
10,283
10,272
10,270
10,265
10,264
10,263
10,262
10,259
10,257
10,255
10,251
10,247
10,239
10,237
10,236
10,235
10,229
10,228
10,227
